0000000000000000000000000000000000000000000000000000000000000000000000000000000000000000000000000000
0000000000000000000000000000000000000000000000000000000000000000000000000000000000000000000000000000
0000000000000000000000000000000000000000000000000000000000000000000000000000000000000000000000000000
0000000000000000000000000000000000000000000000000000000000000000000000000000000000000000000000000000
0000000000000000000000000000000000000000000000000000000000000000000000000000000000000000000000000000
0000000000000000000000000000000000000000000000000000000000000000000000000000000000000000000000000000
0000000000000000000000000000000000000000000000000000000000000000000000000000000000000000000000000000
0000000000000000000000000000000000000000000000000000000000000000000000000000000000000000000000000000
0000000000000000000000000000000000000000000000000000000000000000000000000000000000000000000000000000
0000000000000000000000000000000000000000000000000000000000000000000000000000000000000000000000000000
0000000000000000000000000000000000000000000000000000010000000000010000000000000000000000000000000000
0000000000000000000000000000000000000000000000000000000000010000000000000000000000000000000000000000
0000000000000000000000000000000000000000000100100000000000000000000000001000000000000000000000000000
0000000000000000000000000000000000000000000000000000000000000000000000000000000000000000000000000000
0000000000000000000000000000000000000000000000000000000000000000000000000000000000000000000000000000
0000000000000000000000000000000100000100000000000000000000000000000000000000000000000000000000000000
0000000000000000000000000000000000000000000000000000200000200000000000000000000000000000000000000000
0000000000000000000000000000000000000000000000000000000000000000200000000000000001000000000000000000
0000000000000000000000001000000000000000020000200000000000000000000000000000000000000000000000000000
0000000000000000000000000000000000000000000000000000000000000000000000000000000000000000000000000000
0000000000000001001000000000000000000200000000000000000000000000000200000000000000000000000000000000
0000000000000000000000000000000000000000000000000000000000000000000000020000000000000000000000000000
0000000000000100000000000000000002000000000000000000000000000000000000000000000000001000000000000000
0000000000000000000000000000200000000000000000000000000000000000000000000020000000000000000000000000
0000000000000000000000000000000000000000000000000000000000000000000000000000000000000000000000000000
0000000001000000000000020000000002000000000000000000000000000000000000000000000000000000000000000000
0000000000000000000000000000000000000000020000000000000000000000000000000000020000000000010000000000
0000000000000000000000000000200000000000000000000000000000000000000000000000000000000000000000000000
0000000100000000000200000000000000000000000000000000000000000000000000000000000000000000000000000000
0000000000000000000000000200000000000000000000000000000000000000000000000000000002000000000000000000
0000000000000000020000000000000000000000000200000000000000000000000000000000000000000000000000000000
0000000000000000000000000000000000000000000000020000000000000000000000000000000002000000000000000000
0000000000000020000200000000000000000000000000000000000000000000000000000000000000000000000010000000
0000010000000000000000000000000010000000000000000000000000000000000000000000000000000000000000000000
0000000000002000000000000000000000000000000000000000000000000000000000000000000000200000000000000000
0000010000000000200000000000000000000000000000002000000000000000000000000000000000000000000000000000
0000000000000000000000000000000000100000000000000000000000000000000000000000000002000000000000000000
0000000000002000000000000100000000000000010000000000000000000000000000000000000000000000000000000000
0000000000000002000000000000000000000000000000000000000000000000000000000000000000000000000010000000
0100000000020000000000000000000000000000000000000002000000000000000000000000000020000000000000000000
0000000000000000000000000000000000000000000000000000000000000000000000000000000000000000000000000000
0000000000200000000000010000000000000000000000000000000000000000000000000000000000000000000000000000
0010000000000000000000000000000000000000000000000000000000000000000000000000000000000000000000000000
0000000000000020000000000000000000000001000000000020000000000000000000000000000200000000000100000000
0000000002000000000000010000000000000000000000000000000000000000000000000000000000000000000000000000
0000000000000000000000000000000000000000010000000000200000000000000000000000000200000000000000000000
0000000002000200000000000000000000000000000000000000000000000000000000000000000000000000000000100000
0001000000000000000000000000000000000000000000000000000000000000000000000000000000000000400000000000
0000000000000000000010000000000000000000000000000000000000000000000000000000000200000000000000000000
0000000000000000000000000000000000000000000000000020000000000000000000000000000000000000000000000000
0000000020000000000000100000000000000000000000000000000000000000000000000000000000000000000000000000
0000000000000200000000000000000000000000100000000000002000000000000000000000000000030000000000300000
0100000020000000000000000000000000000000000000000000000000000000000000000000000000000000000000000000
0000000000000000000000000000000000000000000000000000000000000000000000000000000000000000000000000000
0000000000000000000010000000000000000000001000000000000000000000000000000000000000000000000000000000
0100000000000200000000000000000000000000000000000020000000000000000000000000000020000000000000000000
0000000020000000000000000000000000000000000000000000000000000000000000000000000000000000000000000000
0000000000000000000001000000000000000000000000000000000000000000000000000000000000000000000000100000
0000000000002000000000000000000000000000000000000002000000000000000000000000002000000000000000000000
0000000000000000000000000000000000000000000000000000000000000000000000000000000000000000000000000000
0000002000000000001000000000000000000000000000000000000000000000000000000000000000000000000000000000
0000000000000000000000000000000000000000000100000002000000000000000000000000000000000000000000000000
0010000000200000000000000000000000000000000000000000000000000000000000000000020000000000000010000000
0000000000000000000000000000000000000000000000000000000000000000000000000000000000000000000000000000
0000000000000000000010000000000000000000100000000000000000000000000000000000000000000000000000000000
0000000000002000000000000000000000000000000000000000000000000000000000000000000000000000000010000000
0000000200000000000000000000000000000000000000000020000000000000000000000002000000000000000000000000
0100000000000000000000000000000000000000000000000000000000000000000000000000000000000000000000000000
0000000000002000000100000000000000000001000000000000000000000000000000000000000000000000000010000000
0000000020000000000000000000000000000000000000000000000000000000000000020000000000000000000000000000
0000002000000000000100000000000000000000001000020000000000000000000000000000000000000000000000000000
0000000000020000000000000000000000000000000000000000000000000000000000000000000000000000001000000000
0100000000000000000000000000000000000000000000000000000000000000000000020000000000000000000000000000
0000000002000000000000000000000000000000000000020000000000000000000000020000000000000000000000000000
0000000000000000001000000000000000000000000000000000000000000000000000000000000000000000000000000000
0010000000000000000000000000000000000000010000000000000000000000000000000000000000000100000000000000
0000000000000000000000000000000000000000000000000200000000000000002000000000000000000000000000000000
0000000000000000001000000000000000000000000000000000000000000000000000000000000000000000000000000000
0000010000000000000000000000000000000000000010000000000000000000000000000000000000100000000000000000
0000000000100010000000000000000000000000000000000000000000000000000000000000000000000000000000000000
0000000000000000000000000000000000000000000000000020000000000000000000000000000000000000000000000000
0000000000000000000000000000000000000000000100000000000000000002000000000000000000000000000000000000
0000000000000000000000000000000000000000000000000000000000000000000000000000100000000000000000000000
0000000000000000000000000000000000000000000000000000002000000000000000000000000000000000000000000000
0000000000000000000000000000000000000000000010000000000000020000000000000000000000000000000000000000
0000000000000000000000000000000000000000000000000000000000000000000000000010000000000000000000000000
0000000000000000000000000000000000000000000000000000000000000000000000000000000000000000000000000000
0000000000000000000000000000000000000000000000100000000000000000000100000000000000000000000000000000
0000000000000000000000000000000000000000000000000000000000000000000000000000000000000000000000000000
0000000000000000000000000000000000000000000000000000000000000000000000000000000000000000000000000000
0000000000000000000000000000000000000000000000000000100001000000100000000000000000000000000000000000
0000000000000000000000000000000000000000000000000000000000000000000000000000000000000000000000000000
0000000000000000000000000000000000000000000000000000000000000000000000000000000000000000000000000000
0000000000000000000000000000000000000000000000000000000000000000000000000000000000000000000000000000
0000000000000000000000000000000000000000000000000000000000000000000000000000000000000000000000000000
0000000000000000000000000000000000000000000000000000000000000000000000000000000000000000000000000000
0000000000000000000000000000000000000000000000000000000000000000000000000000000000000000000000000000
0000000000000000000000000000000000000000000000000000000000000000000000000000000000000000000000000000
0000000000000000000000000000000000000000000000000000000000000000000000000000000000000000000000000000
0000000000000000000000000000000000000000000000000000000000000000000000000000000000000000000000000000
