0000000000000000000000000000000000000000000000000000000000000000000000000000000000000000000000000000
0000000000000000000000000000000000000000000000000000000000000000000000000000000000000000000000000000
0000000000000000000000000000000000000000000000000000000000000000000000000000000000000000000000000000
0000000000000000000000000000000000000000000000000000000000000000000000000000000000000000000000000000
0000000000000000000000000000000000000000000000000000000000000000000000000000000000000000000000000000
0000000000000000000000000000000000000000000000000000000000000000000000000000000000000000000000000000
0000000000000000000000000000000000000000000000000000000000000000000000000000000000000000000000000000
0000000000000000000000000000000000000000000000000000000000000000000000000000000000000000000000000000
0000000000000000000000000000000000000000000000000000000000000000000000000000000000000000000000000000
0000000000000000000000000000000000000000000000000000000000000000000000000000000000000000000000000000
0000000000000000000000000000000000000000000000000000010000000000000000000000000000000000000000000000
0000000000000000000000000000000000000000000000000000000000010000000000000000000000000000000000000000
0000000000000000000000000000000000000010000000000000000000000000100001000000000000000000000000000000
0000000000000000000000000000000000000000000000000000000000000000000000001000000000000000000000000000
0000000000000000000000000000000010000000000000000001000000020000000000000000000000000000000000000000
0000000000000000000000000000000000000000100000000000000000000000000000000001000000000000000000000000
0000000000000000000000000001000000000000000000000000000000000000200000000000000000000000000000000000
0000000000000000000000000000000000020000000000000000100000002000000020000000000100000000000000000000
0000000000000000000000100000000000000000000000000000000000000000000000000000000000000000000000000000
0000000000000000000000000000000020000000001000000000000000000000000000200000000000001000000000000000
0000000000000000000000000000000000000000000000000000010000000200000000000020000000000000000000000000
0000000000000000001000000000000000000000000100000000000000000000000000000000002000000000001000000000
0000000000000000000000000000200000020000000000000000000000000000000000000000000000000000000000000000
0000000000000000000000000000000000000000000000000000000000000002000000000000000000000000000000000000
0000000000000000000000000000000000000000000010000000001000000000000000000000000000200000010000000000
0000000000000001000000000020000000000000000000000000000000000000000000000000000000000000000000000000
0000000000000000000000000000000000000020000000000000000000000000020000000000000000000000000000000000
0000000000000000000000000000000000000000000000010000000010000000000000000000000000020000000000000000
0000000000000000000000000200000000000000000000000000000000000000000000000000000000000000000001000000
0000000000000000000000000000000000000000000000000000000000000000200000000000000000000000000000000000
0000000000000000000100000000000000000000200000000100000001000000000000000000000000002000000000000000
0000000000000000000000000002000000000000000000000010000000000000000200000000000000000000000000000000
0000000000000000000000000000000000000000000020000000000000000000000000000000000000000000000001000000
0000000000000000000100000000000000000000000000000000010000001000000000000000000000000000000000000000
0000000000000000000000000000000000000000000000000000000000000000000002000000000000000200000001000000
0000000000000000100000000020000000000000000000000000000001000000000000000000000000000000000000000000
0000000000000000000000000000000000000000000000020000000000000000000000000000000000000000000000000000
0000000000000000000000000000000000000000000000000000000000000000000020000000000000002000000000000000
0000000000000010000000000000000000000000000000000000000000000000000000000000000000000000000000100000
0000000000000000000000020000000000000000000000000000200000000000200000000000000000000000000000000000
0000000000000000000000000000000000000000000000000000000020000000000000000000000000020000000001000000
0000000000000000000000000000000000000000000000000000000000000200000000000000000000000000000000000000
0000000000000100000000000000000000000000000000000000000000000000000000000000000002000000000000000000
0000000000000000000000200000000000000000000000000000000000000000000000000000000000000000000010000000
0000000000000000000000000000000000000000000000000000000000000000000000000000000002000000000000000000
0000000000000000000000000000000000000000000000000000000000000000000000000000000000000400000010000000
0000000000000010000000002000000000000000000000000000000000000000000000000000002000000000000000000000
0000000000000000000000000000000000000000000000000000000000000000000000000000000000000000000000000000
0000000000000000000000000000000000000000000000000000000000000000000000000000000300000000000030000000
0000000000000000100000000200000000000000000000000000000000000000000000000000000000000000000000000000
0000000000000000000000000000000000000000000000000000000000000000000000000000000000000000000000000000
0000000000000000100000000000000000000000000000000000000000000000000000000000002000000000000001000000
0000000000000000000000002000000000000000000000000000000000000000000000000000000020000000000000000000
0000000000000010000000000000000000000000000000000000000000000000000000000000000000000000000000000000
0000000000000000000000000000000000000000000000000000000000000000000000000000002000000000000001000000
0000000000000000000000200000000000000000000000000000000000000000000000000000000000000000000000000000
0000000000010000000000000000000000000000000000000000000000000000000000000000000000000000000000000000
0000000000000000000000000000000000000000000000000000000000000000000000000000000000000000000001000000
0000000000000000000000200000000000200000020000000000000000000000000000000000020000000000000000000000
0000000000010000000000000000000000000000000000000000000000000000000000000000000000000000000000000000
0000000000000000000000000000200000000000000002000000000000000000000000000000000000000000000010000000
0000000000000000000200000000000000000000000000000000000000000000000000000000000000000000000000000000
0000000000000000000000000000000000000000000000000002000000000000000000000000020000000000000000000000
0000000000000000000000020000000000000000000000000000000000000000000000000000000000000000000010000000
0000000000100000002000000000000000000010000000000000000000000000000000000000000000000000000000000000
0000000000000000000002000000001000000000000000000000200000000000000000000020000000000000000100000000
0000000000000000000000000000000000000000000100000000000000000000000000000000000000000000000000000000
0000000000010000200020000000100000000000000000000000000000000000000000000000020000000000001000000000
0000000000000000000000000000000000000000000100000000200000000000000000000000000000000000000000000000
0000000000000000002000000001000000000000000000000000000000000000000000000020000000000000010000000000
0000000000000000000000000000000000000000000000000000020000000000000000000000000000000001000000000000
0000000000000100000000000000000000000000010000000000000000000000000000000020000000000000000000000000
0000000000000000000000000100000000000000000000000002000000000000000000000000000000001000000000000000
0000000000000000000000000000000000000000000000000000000000000000000000200000000000000000000000000000
0000000000000000100010000000000000000001000000000002000000000000000200000000000000001000000000000000
0000000000000000000000000000000000000000000000000020000000000000000000000000000000100000000000000000
0000000000000000000000000000000000000000000000000000000000000000000000000000000000000000000000000000
0000000000000000000000000000000000000000000000000000000000000200000000000000010100000000000000000000
0000000000000000000000000000000000000010000000002000000000000000000000000000000000000000000000000000
0000000000000000000000000000000000000000000000000000000020000000000000001000000000000000000000000000
0000000000000000000000000000000000000000000000200000000000000000000000000000000000000000000000000000
0000000000000000000000000000000000000010000000000002000000000000010000000000000000000000000000000000
0000000000000000000000000000000000000000000000000000000000000000000000000000000000000000000000000000
0000000000000000000000000000000000000000000000000000000000000100000000000000000000000000000000000000
0000000000000000000000000000000000000001000000000000000010000000000000000000000000000000000000000000
0000000000000000000000000000000000000000000000000000000000000000000000000000000000000000000000000000
0000000000000000000000000000000000000000001000000000100000000000000000000000000000000000000000000000
0000000000000000000000000000000000000000000000010000000000000000000000000000000000000000000000000000
0000000000000000000000000000000000000000000000000000000000000000000000000000000000000000000000000000
0000000000000000000000000000000000000000000000000000000000000000000000000000000000000000000000000000
0000000000000000000000000000000000000000000000000000000000000000000000000000000000000000000000000000
0000000000000000000000000000000000000000000000000000000000000000000000000000000000000000000000000000
0000000000000000000000000000000000000000000000000000000000000000000000000000000000000000000000000000
0000000000000000000000000000000000000000000000000000000000000000000000000000000000000000000000000000
0000000000000000000000000000000000000000000000000000000000000000000000000000000000000000000000000000
0000000000000000000000000000000000000000000000000000000000000000000000000000000000000000000000000000
0000000000000000000000000000000000000000000000000000000000000000000000000000000000000000000000000000
0000000000000000000000000000000000000000000000000000000000000000000000000000000000000000000000000000
0000000000000000000000000000000000000000000000000000000000000000000000000000000000000000000000000000
0000000000000000000000000000000000000000000000000000000000000000000000000000000000000000000000000000
