0000000000000000000000006666666666666666666666666666666666666666666666666660000000000000000000000000
0000000000000000000000666666666666666666666666666666666666666666666666666666666666600000000000000000
0000000000000000000066666666666666666666666666666666666666666666666666666666666666666660000000000000
0000000000000000000666666666666666666666666666666666666666666666666666666666666666666666000000000000
0000000000000000000666666666666666666666666666666666666666666666666666666666666666666666660000000000
0000000000000000000666666666666666666666666666666666666666666666666666666666666666666666666000000000
0000000000000000066666666666666666666666666666666666666666666666666666666666666666666666666666660000
0000000000000000666666666666666666666666666666666666666666666666666666666666666666666666666666666000
0000000000000000666666666666666666666666666666666666666666666666666666666666666666666666666666666000
0000000000000000666666666666666666666666666666666666666666666666666666666666666666666666666666666600
0000000000000066666666666666666666666666666666666666616666666666666666666666666666666666666666666606
0000000000000666666666666666666666666666666666666666669666616666666666666666666666666666666666666666
0000000000000666666666666666666666666616666666666666666686696666166661666666666666666666666666666666
0000000000000666666666666666666666666966666666666666666666996666966669661666666666666666666666666666
0000000000066666666666666666666616666666666666666661966866926666866666696666666666666666666666666666
0000000000666666666666666666666669666869166666666666666666666666966668866661666666666666666666666666
0000000000666666666666666661666666969686666666666666666686666666266699666669666666666666666666666666
0000000006666666666666666666966666629666666666666666196666692666666626666666666166666666666666666666
0000000006666666666666166666668966666668666666666666666666666666666666666668666966666666666666666666
0000000006666666666666696666666626666666691666666666666668666666666666266696666866661666666666666666
0000000066666666666666666866666666666666666666666666619666669266666666666626669666669666666666666666
0000000066666666661966666669666666666666666166666666666666666666666666666666662666666666691666666666
0000000666666666666666666666266666626666669666666666666666866666666666666666666666686666666666666666
0000006666666666666666866666666666666666666666666666666666666692666666666666666666966686666666666666
0000006666666666666666666666666666666666686916666666661966666666666666666666666666296666916666666666
0000006666666661966666666926666666666669686666666666666666668666666666666666666666666666666666666666
0000006666666666666666666666666666666629666666666666666666666666626666666666666666666686666666666666
0000006666666666666686666666666666666666666666616666666619666666666666666666666666629666666666666666
0000066666666666666666669266666666666666666666966666666666666666666666666666666666666666666691666666
0000066666666666666666866666666666666666666666666666666666666669266666666666666666666666686666666666
0000066666666666666196666666666666666666266666869166666661966869666666666666666666662966666666666666
0000066666666666666666666662666666666666666669686616666666666686666266666666666666666666666666666666
0000066666666666666666666666666666666666666629666966666666666966666666666666666666666666666691666666
0666666666666666666166666666666666666666666666666666616666661666666666666666666666666666686666666666
0066666666666666666696666666666666666666666666666866696666666666666662666666666666666296686691666666
0066666666666666196666666626666666666666666666669666666661666666666666666666666666666666666666666666
0066666666666666666668666666666666666666666666626666686669666666666666666666666666666666668666666666
0066666666666666666686666666666666666666666666666666666666666666666626666666666666662966666666666666
0666666666666619666666966666666666666666666666666666966668666666666666666666666666666666666669166666
0666666666666666666866926666666666666666666666666666266696666666266666666666666666666666686666666666
6666666666666666666666666666666666666666666666666666666626666666666666666666666666629666666691666666
6666666666666666666666666666666666666666666666666666666666666266666666666666666666666666666666666666
6666666666666196666666666666666666666666666666666666666666666666666666666666666662666666866666666666
6666666666666666668669266666666666666666666666666666666666666666666666666666666666666666866916666666
6666666666666666666666666666666666666666666666666666666666666666666666666666666662666666666666666666
6666666666666666668666666666666666666666666666666666666666666666666666666666666666666666666916666666
6666666666666619666666662666666666666666666666666666666666666666666666666666662666666666666666666666
6666666666666666666666666666666666666666666666666666666666666666666666666666666666666666666666666666
0666666666666666666666666666666666666666666666666666666666666666666666666666666696666686666966666666
0666666666666666166666666266666666666666666666666666666666666666666666666666666666666666666666666666
6666666666666666696666666666666666666666666666666666666666666666666666666666666666666666666666666666
6666666666666666166666666666666666666666666666666666666666666666666666666666662666666666666691666666
6666666666666666696866662666666666666666666666666666666666666666666666666666666629666668666666666666
6666666666666619666866666666666666666666666666666666666666666666666666666666666669666668666666666666
6666666666666666668669666666666666666666666666666666666666666666666666666666662666666666666691666666
6666666666666666666669266666666666666666666666666666666666666666666666666666666666666668666666666666
6666666666616666666666666666666666666666666666666666666666666666660666666666666666666686666666666666
6666666666669666666666666666666666666666666666666666666666666666000666666666666666666666666691666666
6666666666666666666666266666666666266666626666666666666666660000066666666666626666666666666666666666
6666666666619668666666666666666666666666696666666666666666666000666666666666666666666666666966666666
6666666666666668669666666666266666666666666662666666666666666600666666666666666666666666666616666666
6666666666666666669266666666966666666666866669666666666666666666666666666666666666666666666666666666
6666666666666666666666666666666666666666666666666662666666666666666666666666629666666666666666666666
6666666666666666666666626666686666666696666686666666666666666666666666666666666666666866666916666666
6666666666196666662666669666669666666616666686666666666666666666666666666666666666666666666666666666
6666666666666666666662666686661666666666666966666666266666666666666666666626666666666666669166666666
6666666666666866666666666869666666666666666166666666666666666666666666666666666666668666666666666666
6666666666619689266626666666166666666666666966666666666666666666666666666666629666668666691666666666
6666666666666669666669666696666666666666666166666666266666666666666666666666669666686666666666666666
6666666666666668662666666661666666666666666666666666666666666666666666666626666666866666916666666666
6666666666666696669666686666666666666666666666666666626666666666666666666666666668666691666666666666
6666666666666166666666669666666666666666619666666666666666666666666666666629666668696666666666666666
6666666666666666686866666166666666666666666666666662666666666666666666666699666666661666666666666666
6666666666666666966696666666666666666666666666866666666666666666666666266666668666696666666666666666
6666666666666666166616666666666666666661666666666662666666666666666266966666886666661666666666666666
6666666666666666666666666666666666666666966666666926666666666666666666666666666669166666666666666660
6666666666666666666666666666666666666666666666666666666666666666666666686666699666666666666666666660
6666666666666666666666666666666666666666666866666666666666666266666666666666616166666666666666666660
6666666666666666666666666666666666666619666666662666666666666996666666669666666666666666666666666660
6666666666666666666666666666666666666666668669666666666626666668666666661666666666666666666666666660
6666666666666666666666666666666666666666666669266666666696666866966666666666666666666666666666666660
6666666666666666666666666666666666666619668669966662666666666666616666666666666666666666666666666600
6666666666666666666666666666666666666666666866666669666686666966666666666666666666666666666666666600
0666666666666666666666666666666666666666666686666666666696666166666666666666666666666666666666666000
0666666666666666666666666666666666666661966666686666866616666666666666666666666666666666666666600000
0066666666666666666666666666666666666666666966666666966666666666666666666666666666666666666666600000
0000066666666666666666666666666666666666661666696666166666666666666666666666666666666666666666600000
0000006666666666666666666666666666666666666666616666666666666666666666666666666666666666666666000000
0000000666666666666666666666666666666666666666666666666666666666666666666666666666666666666600000000
0000000006666666666666600066666666666666666666666666666666666666666666666666666666666666660000000000
0000000000066666666660000066666666666666666666666666666666666666666666666666666666666666000000000000
0000000000000666666000000006666666666666666666666666666666666666666666666666666600000000000000000000
0000000000000000000000000006666666666666666666666666666666666666666666666666666000000000000000000000
0000000000000000000000000000666666666666666666666666666666666666666666666666600000000000000000000000
0000000000000000000000000000666666666666666666666666666666666666666666666660000000000000000000000000
0000000000000000000000000000066666666666666666666666666666666666666666660000000000000000000000000000
0000000000000000000000000000066666666666666666666666666666666666666666000000000000000000000000000000
0000000000000000000000000000006666666666666666666666666666666666666600000000000000000000000000000000
0000000000000000000000000000000000000066666666666666666666666666660000000000000000000000000000000000
0000000000000000000000000000000000000006666666666666666666666000000000000000000000000000000000000000
