0000000000000000000000000000000000000000000000000000000000000000000000000000000000000000000000000000
0000000000000000000000000000000000000000000000000000000000000000000000000000000000000000000000000000
0000000000000000000000000000000000000000000000000000000000000000000000000000000000000000000000000000
0000000000000000000000000000000000000000000000000000000000000000000000000000000000000000000000000000
0000000000000000000000000000000000000000000000000000000000000000000000000000000000000000000000000000
0000000000000000000000000000000000000000000000000000000000000000000000000000000000000000000000000000
0000000000000000000000000000000000000000000000000000000000000000000000000000000000000000000000000000
0000000000000000000000000000000000000000000000000000000000000000000000000000000000000000000000000000
0000000000000000000000000000000000000000000000000000000000000000000000000000000000000000000000000000
0000000000000000000000000000000000000000000000000000000000000000000000000000000000000000000000000000
0000000000000000000000000000000000000000000000000000000000000000000000000000000000000000000000000000
0000000000000000000000000000000000000000000000000000005550000000000000000000000000000000000000000000
0000000000000000000000000000000000000000000000000000050077755500000000000000000000000000000000000000
0000000000000000000000000000000000000500000000000000050070575055555555000000000000000000000000000000
0000000000000000000000000000000000055050000000000000500700507777777700550000000000000000000000000000
0000000000000000000000000000000055500705000000000000500700500005550077775500000000000000000000000000
0000000000000000000000000000005500777070500000000000050070050000005555007055000000000000000000000000
0000000000000000000000000005550057005070500000000000050007050000000000550770550000000000000000000000
0000000000000000000000000550000570005007750000000000050007050000000000005507005550000000000000000000
0000000000000000000000055000005070000500750000000000005007005000000000000055777775500000000000000000
0000000000000000000005500000550700000500750000000000005007005000000000000000555007055550000000000000
0000000000000000000550000005007000000050705000000000005007000500000000000000000500700005550000000000
0000000000000000005000000005070000000050075000000000000500700500000000000000000055070000050000000000
0000000000000000005000000050070000000050070500000000000500070050000000000000000000507770500000000000
0000000000000000050000000050700000000005070500000000000500007050000000000000000000050070500000000000
0000000000000000500000000507000000000005070050000000000050007050000000000000000000050070050000000000
0000000000000000050000000570000000000005007005000000000050007005000000000000000000005070005000000000
0000000000000000005000005070000000000000500705000000000005007005000000000000000000005007000500000000
0000000000000000005000005700000000000000050070500000000005000705000000000000000000005000700050000000
0000000000000000000500007000000000000000005507050000000000500705000000000000000000000500070050000000
0000000000000000000050075000000000000000000050705000000000500705000000000000000000000500070050000000
0000000000000000000050070000000000000000000005070500000000055070000000000000000000000500070050000000
0000000000000000000050770000000000000000000005070500000000000700000000000000000000000050070050000000
0000000000000000000057770000000000000000000000507055000000005700000000000000000000000050070050000000
0000000000000000000557770000000000000000000000050700550000057000000000000000000000000050070050000000
0000000000000000055007750000000000000000000000005077005500570000000000000000000000000050070050000000
0000000000000000500007500000000000000000000000000500777055570000000000000000000000000500007005000000
0000000000000000500077500000000000000000000000000055000770700000000000000000000000000500007005000000
0000000000000005000707500000000000000000000000000000550007000000000000000000000000000500070005000000
0000000000000005000777500000000000000000000000000000005550000000000000000000000000005000070005000000
0000000000000005000777500000000000000000000000000000000000000000000000000000000000005000070050000000
0000000000000050000777500000000000000000000000000000000000000000000000000000000000000500070050000000
0000000000000050000777000000000000000000000000000000000000000000000000000000000000000050700500000000
0000000000000050007075000000000000000000000000000000000000000000000000000000000000000005700500000000
0000000000000005007775000000000000000000000000000000000000000000000000000000000000000000500500000000
0000000000000005007775000000000000000000000000000000000000000000000000000000000000000000505500000000
0000000000000005007775000000000000000000000000000000000000000000000000000000000000000755550000000000
0000000000000000507075000000000000000000000000000000000000000000000000000000000000555570005000000000
0000000000000000507075000000000000000000000000000000000000000000000000000000000055000070005500000000
0000000000000000050705000000000000000000000000000000000000000000000000000000000000555570550000000000
0000000000000000050705000000000000000000000000000000000000000000000000000000000000000575550000000000
0000000000000000050705000000000000000000000000000000000000000000000000000000000000055070005550000000
0000000000000000050705000000000000000000000000000000000000000000000000000000000005500007000050000000
0000000000000005500705000000000000000000000000000000000000000000000000000000000005000070000050000000
0000000000000050007005000000000000000000000000000000000000000000000000000000000005000070000050000000
0000000000000050070005000000000000000000000000000000000000000000000000000000000050000070000050000000
0000000000000500070050000000000000000000000000000000000000000000000000000000000050000070000050000000
0000000000005000700050000000000000000000000000000000000000000000000000000000000050000077000050000000
0000000000005000700500000000000000000000000000000000000000000000000000000000000500000070700050000000
0000000000005007000500000000000000000055550000000000000000000000000000000000000500000700000500000000
0000000000005007005000000000000055555500005500000000000000000000000000000000000500000700000500000000
0000000000005007005000000000555577777777770055000000000000000000000000000000005000000700000500000000
0000000000050070005000000005000707777777007005000000000000000000000000000000005000000700000500000000
0000000000050070050000000550777777055555000770500000000000000000000000000000005000000700000500000000
0000000000050070050000005007075555500000550070500000000000000000000000000000005000000700000500000000
0000000000050700500000050070550000000000005570500000000000000000000000000000005000000700005000000000
0000000000005700500000050705000000000000000507500000000000000000000000000000005000007000005000000000
0000000000005075000000500705000000000000000507050000000000000000000000000000005000007000050000000000
0000000000000575000005007050000000000000000507050000000000000000000000000000005000070000050000000000
0000000000000507550550007500000000000000000507050000000000000000000000000000050000700000500000000000
0000000000000050705000770500000000000000005000705000000000000000000000000000500007000555000000000000
0000000000000005070077005000000000000000005000705000000000000000000000000005000077055000000000000000
0000000000000005077700550000000000000000005000705000000000000000000000000055000700050000000000000000
0000000000000000555555000000000000000000050000705000000000000000000000005500007000050000000000000000
0000000000000000000000000000000000000000050007000500000000000000000000550000770000500000000000000000
0000000000000000000000000000000000000000500070000500000000000000000055000777000055000000000000000000
0000000000000000000000000000000000000000500070005000000000000000005777777000555500000000000000000000
0000000000000000000000000000000000000005000700050000000000007777777000000055000000000000000000000000
0000000000000000000000000000000000000005007000500000000000775555000000055500000000000000000000000000
0000000000000000000000000000000000000005007005000000000000577777000555500000000000000000000000000000
0000000000000000000000000000000000000005007005000000000555007700555000000000000000000000000000000000
0000000000000000000000000000000000000005007005555000055000770055000000000000000000000000000000000000
0000000000000000000000000000000000000005000700000555500777055500000000000000000000000000000000000000
0000000000000000000000000000000000000000500070000000077055500000000000000000000000000000000000000000
0000000000000000000000000000000000000000550007777777705500000000000000000000000000000000000000000000
0000000000000000000000000000000000000000005550000055550000000000000000000000000000000000000000000000
0000000000000000000000000000000000000000000005555500000000000000000000000000000000000000000000000000
0000000000000000000000000000000000000000000000000000000000000000000000000000000000000000000000000000
0000000000000000000000000000000000000000000000000000000000000000000000000000000000000000000000000000
0000000000000000000000000000000000000000000000000000000000000000000000000000000000000000000000000000
0000000000000000000000000000000000000000000000000000000000000000000000000000000000000000000000000000
0000000000000000000000000000000000000000000000000000000000000000000000000000000000000000000000000000
0000000000000000000000000000000000000000000000000000000000000000000000000000000000000000000000000000
0000000000000000000000000000000000000000000000000000000000000000000000000000000000000000000000000000
0000000000000000000000000000000000000000000000000000000000000000000000000000000000000000000000000000
0000000000000000000000000000000000000000000000000000000000000000000000000000000000000000000000000000
0000000000000000000000000000000000000000000000000000000000000000000000000000000000000000000000000000
0000000000000000000000000000000000000000000000000000000000000000000000000000000000000000000000000000
0000000000000000000000000000000000000000000000000000000000000000000000000000000000000000000000000000
0000000000000000000000000000000000000000000000000000000000000000000000000000000000000000000000000000
